[{"db": 5.0, "clifford_index": 0, "fidelities": [0.9512917489793792, 0.9512917489793792, 0.0240501136407891, 0.0240501136407891, 0.9512917489793792, 0.9512917489793792, 0.0240501136407891, 0.0240501136407891, 0.0240501136407891, 0.0240501136407891, 0.0006080237390427145, 0.0006080237390427145, 0.0240501136407891, 0.0240501136407891, 0.0006080237390427145, 0.0006080237390427145]}, {"db": 5.0, "clifford_index": 1, "fidelities": [0.9561646713893927, 0.9561646713893927, 0.0241733085889732, 0.0241733085889732, 0.019177191230775437, 0.019177191230775437, 0.0004848287908584829, 0.0004848287908584829, 0.9561646713893927, 0.9561646713893927, 0.0241733085889732, 0.0241733085889732, 0.019177191230775437, 0.019177191230775437, 0.0004848287908584829, 0.0004848287908584829]}, {"db": 5.0, "clifford_index": 2, "fidelities": [0.9561646713893929, 0.019177191230775423, 0.9561646713893929, 0.019177191230775423, 0.9561646713893929, 0.019177191230775423, 0.9561646713893929, 0.019177191230775423, 0.02417330858897316, 0.0004848287908584335, 0.02417330858897316, 0.0004848287908584335, 0.02417330858897316, 0.0004848287908584335, 0.02417330858897316, 0.0004848287908584335]}, {"db": 5.0, "clifford_index": 3, "fidelities": [0.9512917489793792, 0.9512917489793792, 0.0240501136407891, 0.0240501136407891, 0.9512917489793792, 0.9512917489793792, 0.0240501136407891, 0.0240501136407891, 0.0240501136407891, 0.0240501136407891, 0.0006080237390427145, 0.0006080237390427145, 0.0240501136407891, 0.0240501136407891, 0.0006080237390427145, 0.0006080237390427145]}, {"db": 5.0, "clifford_index": 4, "fidelities": [0.9512917489793792, 0.9512917489793792, 0.0240501136407891, 0.0240501136407891, 0.9512917489793792, 0.9512917489793792, 0.0240501136407891, 0.0240501136407891, 0.0240501136407891, 0.0240501136407891, 0.0006080237390427145, 0.0006080237390427145, 0.0240501136407891, 0.0240501136407891, 0.0006080237390427145, 0.0006080237390427145]}, {"db": 5.0, "clifford_index": 5, "fidelities": [0.9512917489793792, 0.9512917489793792, 0.0240501136407891, 0.0240501136407891, 0.9512917489793792, 0.9512917489793792, 0.0240501136407891, 0.0240501136407891, 0.0240501136407891, 0.0240501136407891, 0.0006080237390427145, 0.0006080237390427145, 0.0240501136407891, 0.0240501136407891, 0.0006080237390427145, 0.0006080237390427145]}, {"db": 5.0, "clifford_index": 6, "fidelities": [0.9512917489793792, 0.9512917489793792, 0.0240501136407891, 0.0240501136407891, 0.9512917489793792, 0.9512917489793792, 0.0240501136407891, 0.0240501136407891, 0.0240501136407891, 0.0240501136407891, 0.0006080237390427145, 0.0006080237390427145, 0.0240501136407891, 0.0240501136407891, 0.0006080237390427145, 0.0006080237390427145]}, {"db": 5.0, "clifford_index": 7, "fidelities": [0.9610625549880629, 0.01927542499030277, 0.9610625549880629, 0.01927542499030277, 0.019275424990302874, 0.0003865950313311146, 0.019275424990302874, 0.0003865950313311146, 0.9610625549880629, 0.01927542499030277, 0.9610625549880629, 0.01927542499030277, 0.019275424990302874, 0.0003865950313311146, 0.019275424990302874, 0.0003865950313311146]}, {"db": 5.0, "clifford_index": 8, "fidelities": [0.931164971126161, 0.931164971126161, 0.02354127784450237, 0.02354127784450237, 0.04417689149400705, 0.04417689149400705, 0.001116859535329267, 0.001116859535329267, 0.04417689149400705, 0.04417689149400705, 0.001116859535329267, 0.001116859535329267, 0.931164971126161, 0.931164971126161, 0.02354127784450237, 0.02354127784450237]}, {"db": 5.0, "clifford_index": 9, "fidelities": [0.9561646713893927, 0.9561646713893927, 0.0241733085889732, 0.0241733085889732, 0.019177191230775437, 0.019177191230775437, 0.0004848287908584829, 0.0004848287908584829, 0.9561646713893927, 0.9561646713893927, 0.0241733085889732, 0.0241733085889732, 0.019177191230775437, 0.019177191230775437, 0.0004848287908584829, 0.0004848287908584829]}, {"db": 5.0, "clifford_index": 20, "fidelities": [0.9561646713893929, 0.019177191230775423, 0.9561646713893929, 0.019177191230775423, 0.9561646713893929, 0.019177191230775423, 0.9561646713893929, 0.019177191230775423, 0.02417330858897316, 0.0004848287908584335, 0.02417330858897316, 0.0004848287908584335, 0.02417330858897316, 0.0004848287908584335, 0.02417330858897316, 0.0004848287908584335]}, {"db": 5.0, "clifford_index": 21, "fidelities": [0.9512917489793792, 0.9512917489793792, 0.0240501136407891, 0.0240501136407891, 0.9512917489793792, 0.9512917489793792, 0.0240501136407891, 0.0240501136407891, 0.0240501136407891, 0.0240501136407891, 0.0006080237390427145, 0.0006080237390427145, 0.0240501136407891, 0.0240501136407891, 0.0006080237390427145, 0.0006080237390427145]}, {"db": 5.0, "clifford_index": 22, "fidelities": [0.9512917489793792, 0.9512917489793792, 0.0240501136407891, 0.0240501136407891, 0.9512917489793792, 0.9512917489793792, 0.0240501136407891, 0.0240501136407891, 0.0240501136407891, 0.0240501136407891, 0.0006080237390427145, 0.0006080237390427145, 0.0240501136407891, 0.0240501136407891, 0.0006080237390427145, 0.0006080237390427145]}, {"db": 5.0, "clifford_index": 23, "fidelities": [0.9561646713893927, 0.9561646713893927, 0.0241733085889732, 0.0241733085889732, 0.019177191230775437, 0.019177191230775437, 0.0004848287908584829, 0.0004848287908584829, 0.9561646713893927, 0.9561646713893927, 0.0241733085889732, 0.0241733085889732, 0.019177191230775437, 0.019177191230775437, 0.0004848287908584829, 0.0004848287908584829]}, {"db": 5.0, "clifford_index": 24, "fidelities": [0.9561646713893929, 0.019177191230775423, 0.9561646713893929, 0.019177191230775423, 0.9561646713893929, 0.019177191230775423, 0.9561646713893929, 0.019177191230775423, 0.02417330858897316, 0.0004848287908584335, 0.02417330858897316, 0.0004848287908584335, 0.02417330858897316, 0.0004848287908584335, 0.02417330858897316, 0.0004848287908584335]}, {"db": 5.0, "clifford_index": 25, "fidelities": [0.9512917489793792, 0.9512917489793792, 0.0240501136407891, 0.0240501136407891, 0.9512917489793792, 0.9512917489793792, 0.0240501136407891, 0.0240501136407891, 0.0240501136407891, 0.0240501136407891, 0.0006080237390427145, 0.0006080237390427145, 0.0240501136407891, 0.0240501136407891, 0.0006080237390427145, 0.0006080237390427145]}, {"db": 5.0, "clifford_index": 26, "fidelities": [0.9512917489793792, 0.9512917489793792, 0.0240501136407891, 0.0240501136407891, 0.9512917489793792, 0.9512917489793792, 0.0240501136407891, 0.0240501136407891, 0.0240501136407891, 0.0240501136407891, 0.0006080237390427145, 0.0006080237390427145, 0.0240501136407891, 0.0240501136407891, 0.0006080237390427145, 0.0006080237390427145]}, {"db": 5.0, "clifford_index": 27, "fidelities": [0.9561646713893927, 0.9561646713893927, 0.0241733085889732, 0.0241733085889732, 0.019177191230775437, 0.019177191230775437, 0.0004848287908584829, 0.0004848287908584829, 0.9561646713893927, 0.9561646713893927, 0.0241733085889732, 0.0241733085889732, 0.019177191230775437, 0.019177191230775437, 0.0004848287908584829, 0.0004848287908584829]}, {"db": 5.0, "clifford_index": 28, "fidelities": [0.9561646713893929, 0.019177191230775423, 0.9561646713893929, 0.019177191230775423, 0.9561646713893929, 0.019177191230775423, 0.9561646713893929, 0.019177191230775423, 0.02417330858897316, 0.0004848287908584335, 0.02417330858897316, 0.0004848287908584335, 0.02417330858897316, 0.0004848287908584335, 0.02417330858897316, 0.0004848287908584335]}, {"db": 5.0, "clifford_index": 29, "fidelities": [0.9512917489793792, 0.9512917489793792, 0.0240501136407891, 0.0240501136407891, 0.9512917489793792, 0.9512917489793792, 0.0240501136407891, 0.0240501136407891, 0.0240501136407891, 0.0240501136407891, 0.0006080237390427145, 0.0006080237390427145, 0.0240501136407891, 0.0240501136407891, 0.0006080237390427145, 0.0006080237390427145]}, {"db": 5.0, "clifford_index": 10, "fidelities": [0.9009021374391303, 0.03718936091008419, 0.05946119973005745, 0.0024473019207279503, 0.03718936091008419, 0.9009021374391303, 0.0024473019207279503, 0.05946119973005745, 0.05946119973005745, 0.0024473019207279503, 0.9009021374391303, 0.03718936091008419, 0.0024473019207279503, 0.05946119973005745, 0.03718936091008419, 0.9009021374391303]}, {"db": 5.0, "clifford_index": 11, "fidelities": [0.9561646713893927, 0.9561646713893927, 0.0241733085889732, 0.0241733085889732, 0.019177191230775437, 0.019177191230775437, 0.0004848287908584829, 0.0004848287908584829, 0.9561646713893927, 0.9561646713893927, 0.0241733085889732, 0.0241733085889732, 0.019177191230775437, 0.019177191230775437, 0.0004848287908584829, 0.0004848287908584829]}, {"db": 5.0, "clifford_index": 12, "fidelities": [0.9561646713893929, 0.019177191230775423, 0.9561646713893929, 0.019177191230775423, 0.9561646713893929, 0.019177191230775423, 0.9561646713893929, 0.019177191230775423, 0.02417330858897316, 0.0004848287908584335, 0.02417330858897316, 0.0004848287908584335, 0.02417330858897316, 0.0004848287908584335, 0.02417330858897316, 0.0004848287908584335]}, {"db": 5.0, "clifford_index": 13, "fidelities": [0.931164971126161, 0.04417689149400733, 0.04417689149400733, 0.931164971126161, 0.931164971126161, 0.04417689149400733, 0.04417689149400733, 0.931164971126161, 0.023541277844502315, 0.001116859535329267, 0.001116859535329267, 0.023541277844502315, 0.023541277844502315, 0.001116859535329267, 0.001116859535329267, 0.023541277844502315]}, {"db": 5.0, "clifford_index": 14, "fidelities": [0.9561646713893929, 0.019177191230775423, 0.9561646713893929, 0.019177191230775423, 0.9561646713893929, 0.019177191230775423, 0.9561646713893929, 0.019177191230775423, 0.02417330858897316, 0.0004848287908584335, 0.02417330858897316, 0.0004848287908584335, 0.02417330858897316, 0.0004848287908584335, 0.02417330858897316, 0.0004848287908584335]}, {"db": 5.0, "clifford_index": 15, "fidelities": [0.9009021374391303, 0.03718936091008419, 0.05946119973005745, 0.0024473019207279503, 0.03718936091008419, 0.9009021374391303, 0.0024473019207279503, 0.05946119973005745, 0.05946119973005745, 0.0024473019207279503, 0.9009021374391303, 0.03718936091008419, 0.0024473019207279503, 0.05946119973005745, 0.03718936091008419, 0.9009021374391303]}, {"db": 5.0, "clifford_index": 16, "fidelities": [0.9561646713893927, 0.9561646713893927, 0.0241733085889732, 0.0241733085889732, 0.019177191230775437, 0.019177191230775437, 0.0004848287908584829, 0.0004848287908584829, 0.9561646713893927, 0.9561646713893927, 0.0241733085889732, 0.0241733085889732, 0.019177191230775437, 0.019177191230775437, 0.0004848287908584829, 0.0004848287908584829]}, {"db": 5.0, "clifford_index": 17, "fidelities": [0.9512917489793792, 0.9512917489793792, 0.0240501136407891, 0.0240501136407891, 0.9512917489793792, 0.9512917489793792, 0.0240501136407891, 0.0240501136407891, 0.0240501136407891, 0.0240501136407891, 0.0006080237390427145, 0.0006080237390427145, 0.0240501136407891, 0.0240501136407891, 0.0006080237390427145, 0.0006080237390427145]}, {"db": 5.0, "clifford_index": 18, "fidelities": [0.9512917489793792, 0.9512917489793792, 0.0240501136407891, 0.0240501136407891, 0.9512917489793792, 0.9512917489793792, 0.0240501136407891, 0.0240501136407891, 0.0240501136407891, 0.0240501136407891, 0.0006080237390427145, 0.0006080237390427145, 0.0240501136407891, 0.0240501136407891, 0.0006080237390427145, 0.0006080237390427145]}, {"db": 5.0, "clifford_index": 19, "fidelities": [0.9512917489793792, 0.9512917489793792, 0.0240501136407891, 0.0240501136407891, 0.9512917489793792, 0.9512917489793792, 0.0240501136407891, 0.0240501136407891, 0.0240501136407891, 0.0240501136407891, 0.0006080237390427145, 0.0006080237390427145, 0.0240501136407891, 0.0240501136407891, 0.0006080237390427145, 0.0006080237390427145]}, {"db": 5.0, "clifford_index": 50, "fidelities": [0.9610625549880629, 0.01927542499030277, 0.9610625549880629, 0.01927542499030277, 0.019275424990302874, 0.0003865950313311146, 0.019275424990302874, 0.0003865950313311146, 0.9610625549880629, 0.01927542499030277, 0.9610625549880629, 0.01927542499030277, 0.019275424990302874, 0.0003865950313311146, 0.019275424990302874, 0.0003865950313311146]}, {"db": 5.0, "clifford_index": 51, "fidelities": [0.931164971126161, 0.04417689149400733, 0.04417689149400733, 0.931164971126161, 0.931164971126161, 0.04417689149400733, 0.04417689149400733, 0.931164971126161, 0.023541277844502315, 0.001116859535329267, 0.001116859535329267, 0.023541277844502315, 0.023541277844502315, 0.001116859535329267, 0.001116859535329267, 0.023541277844502315]}, {"db": 5.0, "clifford_index": 52, "fidelities": [0.9561646713893929, 0.019177191230775423, 0.9561646713893929, 0.019177191230775423, 0.9561646713893929, 0.019177191230775423, 0.9561646713893929, 0.019177191230775423, 0.02417330858897316, 0.0004848287908584335, 0.02417330858897316, 0.0004848287908584335, 0.02417330858897316, 0.0004848287908584335, 0.02417330858897316, 0.0004848287908584335]}, {"db": 5.0, "clifford_index": 53, "fidelities": [0.9009021374391303, 0.03718936091008419, 0.05946119973005745, 0.0024473019207279503, 0.03718936091008419, 0.9009021374391303, 0.0024473019207279503, 0.05946119973005745, 0.05946119973005745, 0.0024473019207279503, 0.9009021374391303, 0.03718936091008419, 0.0024473019207279503, 0.05946119973005745, 0.03718936091008419, 0.9009021374391303]}, {"db": 5.0, "clifford_index": 54, "fidelities": [0.9311649711261605, 0.04417689149400725, 0.04417689149400725, 0.9311649711261605, 0.9311649711261605, 0.04417689149400725, 0.04417689149400725, 0.9311649711261605, 0.023541277844502394, 0.0011168595353293503, 0.0011168595353293503, 0.023541277844502394, 0.023541277844502394, 0.0011168595353293503, 0.0011168595353293503, 0.023541277844502394]}, {"db": 5.0, "clifford_index": 55, "fidelities": [0.931164971126161, 0.04417689149400733, 0.04417689149400733, 0.931164971126161, 0.931164971126161, 0.04417689149400733, 0.04417689149400733, 0.931164971126161, 0.023541277844502315, 0.001116859535329267, 0.001116859535329267, 0.023541277844502315, 0.023541277844502315, 0.001116859535329267, 0.001116859535329267, 0.023541277844502315]}, {"db": 5.0, "clifford_index": 56, "fidelities": [0.9106692031584418, 0.03843849840044084, 0.02544614922055875, 0.02544614922055858, 0.03843849840044084, 0.9106692031584418, 0.02544614922055858, 0.02544614922055875, 0.02544614922055858, 0.02544614922055875, 0.03843849840044084, 0.9106692031584418, 0.02544614922055875, 0.02544614922055858, 0.9106692031584418, 0.03843849840044084]}, {"db": 5.0, "clifford_index": 57, "fidelities": [0.931164971126161, 0.04417689149400733, 0.04417689149400733, 0.931164971126161, 0.931164971126161, 0.04417689149400733, 0.04417689149400733, 0.931164971126161, 0.023541277844502315, 0.001116859535329267, 0.001116859535329267, 0.023541277844502315, 0.023541277844502315, 0.001116859535329267, 0.001116859535329267, 0.023541277844502315]}, {"db": 5.0, "clifford_index": 58, "fidelities": [0.9009021374391303, 0.03718936091008419, 0.05946119973005745, 0.0024473019207279503, 0.03718936091008419, 0.9009021374391303, 0.0024473019207279503, 0.05946119973005745, 0.05946119973005745, 0.0024473019207279503, 0.9009021374391303, 0.03718936091008419, 0.0024473019207279503, 0.05946119973005745, 0.03718936091008419, 0.9009021374391303]}, {"db": 5.0, "clifford_index": 59, "fidelities": [0.9106692031584418, 0.03843849840044084, 0.02544614922055875, 0.02544614922055858, 0.03843849840044084, 0.9106692031584418, 0.02544614922055858, 0.02544614922055875, 0.02544614922055858, 0.02544614922055875, 0.03843849840044084, 0.9106692031584418, 0.02544614922055875, 0.02544614922055858, 0.9106692031584418, 0.03843849840044084]}, {"db": 5.0, "clifford_index": 40, "fidelities": [0.9009021374391303, 0.03718936091008419, 0.05946119973005745, 0.0024473019207279503, 0.03718936091008419, 0.9009021374391303, 0.0024473019207279503, 0.05946119973005745, 0.05946119973005745, 0.0024473019207279503, 0.9009021374391303, 0.03718936091008419, 0.0024473019207279503, 0.05946119973005745, 0.03718936091008419, 0.9009021374391303]}, {"db": 5.0, "clifford_index": 41, "fidelities": [0.9561646713893927, 0.9561646713893927, 0.0241733085889732, 0.0241733085889732, 0.019177191230775437, 0.019177191230775437, 0.0004848287908584829, 0.0004848287908584829, 0.9561646713893927, 0.9561646713893927, 0.0241733085889732, 0.0241733085889732, 0.019177191230775437, 0.019177191230775437, 0.0004848287908584829, 0.0004848287908584829]}, {"db": 5.0, "clifford_index": 42, "fidelities": [0.9114180672653303, 0.04324222714702901, 0.04324222714702899, 0.002097478440611241, 0.04324222714702899, 0.002097478440611241, 0.9114180672653303, 0.04324222714702901, 0.04324222714702901, 0.9114180672653303, 0.002097478440611241, 0.04324222714702899, 0.002097478440611241, 0.04324222714702899, 0.04324222714702901, 0.9114180672653303]}, {"db": 5.0, "clifford_index": 43, "fidelities": [0.9114180672653303, 0.04324222714702901, 0.04324222714702899, 0.002097478440611241, 0.04324222714702899, 0.002097478440611241, 0.9114180672653303, 0.04324222714702901, 0.04324222714702901, 0.9114180672653303, 0.002097478440611241, 0.04324222714702899, 0.002097478440611241, 0.04324222714702899, 0.04324222714702901, 0.9114180672653303]}, {"db": 5.0, "clifford_index": 44, "fidelities": [0.9106692031584418, 0.03843849840044084, 0.02544614922055875, 0.02544614922055858, 0.03843849840044084, 0.9106692031584418, 0.02544614922055858, 0.02544614922055875, 0.02544614922055858, 0.02544614922055875, 0.03843849840044084, 0.9106692031584418, 0.02544614922055875, 0.02544614922055858, 0.9106692031584418, 0.03843849840044084]}, {"db": 5.0, "clifford_index": 45, "fidelities": [0.9561646713893929, 0.019177191230775423, 0.9561646713893929, 0.019177191230775423, 0.9561646713893929, 0.019177191230775423, 0.9561646713893929, 0.019177191230775423, 0.02417330858897316, 0.0004848287908584335, 0.02417330858897316, 0.0004848287908584335, 0.02417330858897316, 0.0004848287908584335, 0.02417330858897316, 0.0004848287908584335]}, {"db": 5.0, "clifford_index": 46, "fidelities": [0.9512917489793787, 0.9512917489793787, 0.024050113640789086, 0.024050113640789086, 0.9512917489793787, 0.9512917489793787, 0.024050113640789086, 0.024050113640789086, 0.024050113640789086, 0.024050113640789086, 0.0006080237390427141, 0.0006080237390427141, 0.02405011364078909, 0.02405011364078909, 0.0006080237390427142, 0.0006080237390427142]}, {"db": 5.0, "clifford_index": 47, "fidelities": [0.9610625549880629, 0.01927542499030277, 0.9610625549880629, 0.01927542499030277, 0.019275424990302874, 0.0003865950313311146, 0.019275424990302874, 0.0003865950313311146, 0.9610625549880629, 0.01927542499030277, 0.9610625549880629, 0.01927542499030277, 0.019275424990302874, 0.0003865950313311146, 0.019275424990302874, 0.0003865950313311146]}, {"db": 5.0, "clifford_index": 48, "fidelities": [0.931164971126161, 0.931164971126161, 0.02354127784450237, 0.02354127784450237, 0.04417689149400705, 0.04417689149400705, 0.001116859535329267, 0.001116859535329267, 0.04417689149400705, 0.04417689149400705, 0.001116859535329267, 0.001116859535329267, 0.931164971126161, 0.931164971126161, 0.02354127784450237, 0.02354127784450237]}, {"db": 5.0, "clifford_index": 49, "fidelities": [0.9009021374391303, 0.03718936091008419, 0.05946119973005745, 0.0024473019207279503, 0.03718936091008419, 0.9009021374391303, 0.0024473019207279503, 0.05946119973005745, 0.05946119973005745, 0.0024473019207279503, 0.9009021374391303, 0.03718936091008419, 0.0024473019207279503, 0.05946119973005745, 0.03718936091008419, 0.9009021374391303]}, {"db": 5.0, "clifford_index": 30, "fidelities": [0.9512917489793792, 0.9512917489793792, 0.0240501136407891, 0.0240501136407891, 0.9512917489793792, 0.9512917489793792, 0.0240501136407891, 0.0240501136407891, 0.0240501136407891, 0.0240501136407891, 0.0006080237390427145, 0.0006080237390427145, 0.0240501136407891, 0.0240501136407891, 0.0006080237390427145, 0.0006080237390427145]}, {"db": 5.0, "clifford_index": 31, "fidelities": [0.9359347955886228, 0.018771453382040285, 0.9359347955886228, 0.018771453382040285, 0.04440318438974283, 0.0008905666395936582, 0.04440318438974283, 0.0008905666395936582, 0.04440318438974283, 0.0008905666395936582, 0.04440318438974283, 0.0008905666395936582, 0.9359347955886228, 0.018771453382040285, 0.9359347955886228, 0.018771453382040285]}, {"db": 5.0, "clifford_index": 32, "fidelities": [0.9359347955886228, 0.04440318438974277, 0.04440318438974277, 0.9359347955886228, 0.018771453382040334, 0.0008905666395937206, 0.0008905666395937206, 0.018771453382040334, 0.9359347955886228, 0.04440318438974277, 0.04440318438974277, 0.9359347955886228, 0.018771453382040334, 0.0008905666395937206, 0.0008905666395937206, 0.018771453382040334]}, {"db": 5.0, "clifford_index": 33, "fidelities": [0.9610625549880629, 0.01927542499030277, 0.9610625549880629, 0.01927542499030277, 0.019275424990302874, 0.0003865950313311146, 0.019275424990302874, 0.0003865950313311146, 0.9610625549880629, 0.01927542499030277, 0.9610625549880629, 0.01927542499030277, 0.019275424990302874, 0.0003865950313311146, 0.019275424990302874, 0.0003865950313311146]}, {"db": 5.0, "clifford_index": 34, "fidelities": [0.9610625549880629, 0.01927542499030277, 0.9610625549880629, 0.01927542499030277, 0.019275424990302874, 0.0003865950313311146, 0.019275424990302874, 0.0003865950313311146, 0.9610625549880629, 0.01927542499030277, 0.9610625549880629, 0.01927542499030277, 0.019275424990302874, 0.0003865950313311146, 0.019275424990302874, 0.0003865950313311146]}, {"db": 5.0, "clifford_index": 35, "fidelities": [0.9311649711261605, 0.9311649711261605, 0.023541277844502394, 0.023541277844502394, 0.04417689149400725, 0.04417689149400725, 0.0011168595353293503, 0.0011168595353293503, 0.04417689149400725, 0.04417689149400725, 0.0011168595353293503, 0.0011168595353293503, 0.9311649711261605, 0.9311649711261605, 0.023541277844502394, 0.023541277844502394]}, {"db": 5.0, "clifford_index": 36, "fidelities": [0.931164971126161, 0.931164971126161, 0.02354127784450237, 0.02354127784450237, 0.04417689149400705, 0.04417689149400705, 0.001116859535329267, 0.001116859535329267, 0.04417689149400705, 0.04417689149400705, 0.001116859535329267, 0.001116859535329267, 0.931164971126161, 0.931164971126161, 0.02354127784450237, 0.02354127784450237]}, {"db": 5.0, "clifford_index": 37, "fidelities": [0.9106692031584418, 0.03843849840044084, 0.02544614922055875, 0.02544614922055858, 0.03843849840044084, 0.9106692031584418, 0.02544614922055858, 0.02544614922055875, 0.02544614922055858, 0.02544614922055875, 0.03843849840044084, 0.9106692031584418, 0.02544614922055875, 0.02544614922055858, 0.9106692031584418, 0.03843849840044084]}, {"db": 5.0, "clifford_index": 38, "fidelities": [0.931164971126161, 0.931164971126161, 0.02354127784450237, 0.02354127784450237, 0.04417689149400705, 0.04417689149400705, 0.001116859535329267, 0.001116859535329267, 0.04417689149400705, 0.04417689149400705, 0.001116859535329267, 0.001116859535329267, 0.931164971126161, 0.931164971126161, 0.02354127784450237, 0.02354127784450237]}, {"db": 5.0, "clifford_index": 39, "fidelities": [0.9610625549880629, 0.01927542499030277, 0.9610625549880629, 0.01927542499030277, 0.019275424990302874, 0.0003865950313311146, 0.019275424990302874, 0.0003865950313311146, 0.9610625549880629, 0.01927542499030277, 0.9610625549880629, 0.01927542499030277, 0.019275424990302874, 0.0003865950313311146, 0.019275424990302874, 0.0003865950313311146]}, {"db": 5.0, "clifford_index": 60, "fidelities": [0.9561646713893927, 0.9561646713893927, 0.0241733085889732, 0.0241733085889732, 0.019177191230775437, 0.019177191230775437, 0.0004848287908584829, 0.0004848287908584829, 0.9561646713893927, 0.9561646713893927, 0.0241733085889732, 0.0241733085889732, 0.019177191230775437, 0.019177191230775437, 0.0004848287908584829, 0.0004848287908584829]}, {"db": 5.0, "clifford_index": 61, "fidelities": [0.9561646713893927, 0.9561646713893927, 0.0241733085889732, 0.0241733085889732, 0.019177191230775437, 0.019177191230775437, 0.0004848287908584829, 0.0004848287908584829, 0.9561646713893927, 0.9561646713893927, 0.0241733085889732, 0.0241733085889732, 0.019177191230775437, 0.019177191230775437, 0.0004848287908584829, 0.0004848287908584829]}, {"db": 5.0, "clifford_index": 62, "fidelities": [0.9009021374391303, 0.03718936091008419, 0.05946119973005745, 0.0024473019207279503, 0.03718936091008419, 0.9009021374391303, 0.0024473019207279503, 0.05946119973005745, 0.05946119973005745, 0.0024473019207279503, 0.9009021374391303, 0.03718936091008419, 0.0024473019207279503, 0.05946119973005745, 0.03718936091008419, 0.9009021374391303]}, {"db": 5.0, "clifford_index": 63, "fidelities": [0.9561646713893927, 0.9561646713893927, 0.0241733085889732, 0.0241733085889732, 0.019177191230775437, 0.019177191230775437, 0.0004848287908584829, 0.0004848287908584829, 0.9561646713893927, 0.9561646713893927, 0.0241733085889732, 0.0241733085889732, 0.019177191230775437, 0.019177191230775437, 0.0004848287908584829, 0.0004848287908584829]}, {"db": 5.0, "clifford_index": 64, "fidelities": [0.9561646713893929, 0.019177191230775423, 0.9561646713893929, 0.019177191230775423, 0.9561646713893929, 0.019177191230775423, 0.9561646713893929, 0.019177191230775423, 0.02417330858897316, 0.0004848287908584335, 0.02417330858897316, 0.0004848287908584335, 0.02417330858897316, 0.0004848287908584335, 0.02417330858897316, 0.0004848287908584335]}, {"db": 5.0, "clifford_index": 65, "fidelities": [0.9512917489793792, 0.9512917489793792, 0.0240501136407891, 0.0240501136407891, 0.9512917489793792, 0.9512917489793792, 0.0240501136407891, 0.0240501136407891, 0.0240501136407891, 0.0240501136407891, 0.0006080237390427145, 0.0006080237390427145, 0.0240501136407891, 0.0240501136407891, 0.0006080237390427145, 0.0006080237390427145]}, {"db": 5.0, "clifford_index": 66, "fidelities": [0.9512917489793792, 0.9512917489793792, 0.0240501136407891, 0.0240501136407891, 0.9512917489793792, 0.9512917489793792, 0.0240501136407891, 0.0240501136407891, 0.0240501136407891, 0.0240501136407891, 0.0006080237390427145, 0.0006080237390427145, 0.0240501136407891, 0.0240501136407891, 0.0006080237390427145, 0.0006080237390427145]}, {"db": 5.0, "clifford_index": 67, "fidelities": [0.9561646713893927, 0.9561646713893927, 0.0241733085889732, 0.0241733085889732, 0.019177191230775437, 0.019177191230775437, 0.0004848287908584829, 0.0004848287908584829, 0.9561646713893927, 0.9561646713893927, 0.0241733085889732, 0.0241733085889732, 0.019177191230775437, 0.019177191230775437, 0.0004848287908584829, 0.0004848287908584829]}, {"db": 5.0, "clifford_index": 68, "fidelities": [0.9561646713893929, 0.019177191230775423, 0.9561646713893929, 0.019177191230775423, 0.9561646713893929, 0.019177191230775423, 0.9561646713893929, 0.019177191230775423, 0.02417330858897316, 0.0004848287908584335, 0.02417330858897316, 0.0004848287908584335, 0.02417330858897316, 0.0004848287908584335, 0.02417330858897316, 0.0004848287908584335]}, {"db": 5.0, "clifford_index": 69, "fidelities": [0.9512917489793792, 0.9512917489793792, 0.0240501136407891, 0.0240501136407891, 0.9512917489793792, 0.9512917489793792, 0.0240501136407891, 0.0240501136407891, 0.0240501136407891, 0.0240501136407891, 0.0006080237390427145, 0.0006080237390427145, 0.0240501136407891, 0.0240501136407891, 0.0006080237390427145, 0.0006080237390427145]}, {"db": 5.0, "clifford_index": 70, "fidelities": [0.9512917489793792, 0.9512917489793792, 0.0240501136407891, 0.0240501136407891, 0.9512917489793792, 0.9512917489793792, 0.0240501136407891, 0.0240501136407891, 0.0240501136407891, 0.0240501136407891, 0.0006080237390427145, 0.0006080237390427145, 0.0240501136407891, 0.0240501136407891, 0.0006080237390427145, 0.0006080237390427145]}, {"db": 5.0, "clifford_index": 71, "fidelities": [0.9561646713893927, 0.9561646713893927, 0.0241733085889732, 0.0241733085889732, 0.019177191230775437, 0.019177191230775437, 0.0004848287908584829, 0.0004848287908584829, 0.9561646713893927, 0.9561646713893927, 0.0241733085889732, 0.0241733085889732, 0.019177191230775437, 0.019177191230775437, 0.0004848287908584829, 0.0004848287908584829]}, {"db": 5.0, "clifford_index": 72, "fidelities": [0.9561646713893929, 0.019177191230775423, 0.9561646713893929, 0.019177191230775423, 0.9561646713893929, 0.019177191230775423, 0.9561646713893929, 0.019177191230775423, 0.02417330858897316, 0.0004848287908584335, 0.02417330858897316, 0.0004848287908584335, 0.02417330858897316, 0.0004848287908584335, 0.02417330858897316, 0.0004848287908584335]}, {"db": 5.0, "clifford_index": 73, "fidelities": [0.9512917489793792, 0.9512917489793792, 0.0240501136407891, 0.0240501136407891, 0.9512917489793792, 0.9512917489793792, 0.0240501136407891, 0.0240501136407891, 0.0240501136407891, 0.0240501136407891, 0.0006080237390427145, 0.0006080237390427145, 0.0240501136407891, 0.0240501136407891, 0.0006080237390427145, 0.0006080237390427145]}, {"db": 5.0, "clifford_index": 74, "fidelities": [0.9512917489793792, 0.9512917489793792, 0.0240501136407891, 0.0240501136407891, 0.9512917489793792, 0.9512917489793792, 0.0240501136407891, 0.0240501136407891, 0.0240501136407891, 0.0240501136407891, 0.0006080237390427145, 0.0006080237390427145, 0.0240501136407891, 0.0240501136407891, 0.0006080237390427145, 0.0006080237390427145]}, {"db": 5.0, "clifford_index": 75, "fidelities": [0.9561646713893929, 0.019177191230775423, 0.9561646713893929, 0.019177191230775423, 0.9561646713893929, 0.019177191230775423, 0.9561646713893929, 0.019177191230775423, 0.02417330858897316, 0.0004848287908584335, 0.02417330858897316, 0.0004848287908584335, 0.02417330858897316, 0.0004848287908584335, 0.02417330858897316, 0.0004848287908584335]}, {"db": 5.0, "clifford_index": 76, "fidelities": [0.9009021374391303, 0.03718936091008419, 0.05946119973005745, 0.0024473019207279503, 0.03718936091008419, 0.9009021374391303, 0.0024473019207279503, 0.05946119973005745, 0.05946119973005745, 0.0024473019207279503, 0.9009021374391303, 0.03718936091008419, 0.0024473019207279503, 0.05946119973005745, 0.03718936091008419, 0.9009021374391303]}, {"db": 5.0, "clifford_index": 77, "fidelities": [0.9561646713893927, 0.9561646713893927, 0.0241733085889732, 0.0241733085889732, 0.019177191230775437, 0.019177191230775437, 0.0004848287908584829, 0.0004848287908584829, 0.9561646713893927, 0.9561646713893927, 0.0241733085889732, 0.0241733085889732, 0.019177191230775437, 0.019177191230775437, 0.0004848287908584829, 0.0004848287908584829]}, {"db": 5.0, "clifford_index": 78, "fidelities": [0.9561646713893929, 0.019177191230775423, 0.9561646713893929, 0.019177191230775423, 0.9561646713893929, 0.019177191230775423, 0.9561646713893929, 0.019177191230775423, 0.02417330858897316, 0.0004848287908584335, 0.02417330858897316, 0.0004848287908584335, 0.02417330858897316, 0.0004848287908584335, 0.02417330858897316, 0.0004848287908584335]}, {"db": 5.0, "clifford_index": 79, "fidelities": [0.9512917489793792, 0.9512917489793792, 0.0240501136407891, 0.0240501136407891, 0.9512917489793792, 0.9512917489793792, 0.0240501136407891, 0.0240501136407891, 0.0240501136407891, 0.0240501136407891, 0.0006080237390427145, 0.0006080237390427145, 0.0240501136407891, 0.0240501136407891, 0.0006080237390427145, 0.0006080237390427145]}, {"db": 5.0, "clifford_index": 80, "fidelities": [0.9512917489793792, 0.9512917489793792, 0.0240501136407891, 0.0240501136407891, 0.9512917489793792, 0.9512917489793792, 0.0240501136407891, 0.0240501136407891, 0.0240501136407891, 0.0240501136407891, 0.0006080237390427145, 0.0006080237390427145, 0.0240501136407891, 0.0240501136407891, 0.0006080237390427145, 0.0006080237390427145]}, {"db": 5.0, "clifford_index": 81, "fidelities": [0.9561646713893927, 0.9561646713893927, 0.0241733085889732, 0.0241733085889732, 0.019177191230775437, 0.019177191230775437, 0.0004848287908584829, 0.0004848287908584829, 0.9561646713893927, 0.9561646713893927, 0.0241733085889732, 0.0241733085889732, 0.019177191230775437, 0.019177191230775437, 0.0004848287908584829, 0.0004848287908584829]}, {"db": 5.0, "clifford_index": 82, "fidelities": [0.9561646713893929, 0.019177191230775423, 0.9561646713893929, 0.019177191230775423, 0.9561646713893929, 0.019177191230775423, 0.9561646713893929, 0.019177191230775423, 0.02417330858897316, 0.0004848287908584335, 0.02417330858897316, 0.0004848287908584335, 0.02417330858897316, 0.0004848287908584335, 0.02417330858897316, 0.0004848287908584335]}, {"db": 5.0, "clifford_index": 83, "fidelities": [0.9512917489793792, 0.9512917489793792, 0.0240501136407891, 0.0240501136407891, 0.9512917489793792, 0.9512917489793792, 0.0240501136407891, 0.0240501136407891, 0.0240501136407891, 0.0240501136407891, 0.0006080237390427145, 0.0006080237390427145, 0.0240501136407891, 0.0240501136407891, 0.0006080237390427145, 0.0006080237390427145]}, {"db": 5.0, "clifford_index": 84, "fidelities": [0.9512917489793792, 0.9512917489793792, 0.0240501136407891, 0.0240501136407891, 0.9512917489793792, 0.9512917489793792, 0.0240501136407891, 0.0240501136407891, 0.0240501136407891, 0.0240501136407891, 0.0006080237390427145, 0.0006080237390427145, 0.0240501136407891, 0.0240501136407891, 0.0006080237390427145, 0.0006080237390427145]}, {"db": 5.0, "clifford_index": 85, "fidelities": [0.931164971126161, 0.931164971126161, 0.02354127784450237, 0.02354127784450237, 0.04417689149400705, 0.04417689149400705, 0.001116859535329267, 0.001116859535329267, 0.04417689149400705, 0.04417689149400705, 0.001116859535329267, 0.001116859535329267, 0.931164971126161, 0.931164971126161, 0.02354127784450237, 0.02354127784450237]}, {"db": 5.0, "clifford_index": 86, "fidelities": [0.9561646713893927, 0.9561646713893927, 0.0241733085889732, 0.0241733085889732, 0.019177191230775437, 0.019177191230775437, 0.0004848287908584829, 0.0004848287908584829, 0.9561646713893927, 0.9561646713893927, 0.0241733085889732, 0.0241733085889732, 0.019177191230775437, 0.019177191230775437, 0.0004848287908584829, 0.0004848287908584829]}, {"db": 5.0, "clifford_index": 87, "fidelities": [0.9009021374391303, 0.03718936091008419, 0.05946119973005745, 0.0024473019207279503, 0.03718936091008419, 0.9009021374391303, 0.0024473019207279503, 0.05946119973005745, 0.05946119973005745, 0.0024473019207279503, 0.9009021374391303, 0.03718936091008419, 0.0024473019207279503, 0.05946119973005745, 0.03718936091008419, 0.9009021374391303]}, {"db": 5.0, "clifford_index": 88, "fidelities": [0.9561646713893927, 0.9561646713893927, 0.0241733085889732, 0.0241733085889732, 0.019177191230775437, 0.019177191230775437, 0.0004848287908584829, 0.0004848287908584829, 0.9561646713893927, 0.9561646713893927, 0.0241733085889732, 0.0241733085889732, 0.019177191230775437, 0.019177191230775437, 0.0004848287908584829, 0.0004848287908584829]}, {"db": 5.0, "clifford_index": 89, "fidelities": [0.931164971126161, 0.04417689149400733, 0.04417689149400733, 0.931164971126161, 0.931164971126161, 0.04417689149400733, 0.04417689149400733, 0.931164971126161, 0.023541277844502315, 0.001116859535329267, 0.001116859535329267, 0.023541277844502315, 0.023541277844502315, 0.001116859535329267, 0.001116859535329267, 0.023541277844502315]}, {"db": 5.0, "clifford_index": 90, "fidelities": [0.9561646713893929, 0.019177191230775423, 0.9561646713893929, 0.019177191230775423, 0.9561646713893929, 0.019177191230775423, 0.9561646713893929, 0.019177191230775423, 0.02417330858897316, 0.0004848287908584335, 0.02417330858897316, 0.0004848287908584335, 0.02417330858897316, 0.0004848287908584335, 0.02417330858897316, 0.0004848287908584335]}, {"db": 5.0, "clifford_index": 91, "fidelities": [0.9009021374391303, 0.03718936091008419, 0.05946119973005745, 0.0024473019207279503, 0.03718936091008419, 0.9009021374391303, 0.0024473019207279503, 0.05946119973005745, 0.05946119973005745, 0.0024473019207279503, 0.9009021374391303, 0.03718936091008419, 0.0024473019207279503, 0.05946119973005745, 0.03718936091008419, 0.9009021374391303]}, {"db": 5.0, "clifford_index": 92, "fidelities": [0.9561646713893929, 0.019177191230775423, 0.9561646713893929, 0.019177191230775423, 0.9561646713893929, 0.019177191230775423, 0.9561646713893929, 0.019177191230775423, 0.02417330858897316, 0.0004848287908584335, 0.02417330858897316, 0.0004848287908584335, 0.02417330858897316, 0.0004848287908584335, 0.02417330858897316, 0.0004848287908584335]}, {"db": 5.0, "clifford_index": 93, "fidelities": [0.9512917489793792, 0.9512917489793792, 0.0240501136407891, 0.0240501136407891, 0.9512917489793792, 0.9512917489793792, 0.0240501136407891, 0.0240501136407891, 0.0240501136407891, 0.0240501136407891, 0.0006080237390427145, 0.0006080237390427145, 0.0240501136407891, 0.0240501136407891, 0.0006080237390427145, 0.0006080237390427145]}, {"db": 5.0, "clifford_index": 94, "fidelities": [0.9512917489793792, 0.9512917489793792, 0.0240501136407891, 0.0240501136407891, 0.9512917489793792, 0.9512917489793792, 0.0240501136407891, 0.0240501136407891, 0.0240501136407891, 0.0240501136407891, 0.0006080237390427145, 0.0006080237390427145, 0.0240501136407891, 0.0240501136407891, 0.0006080237390427145, 0.0006080237390427145]}, {"db": 5.0, "clifford_index": 95, "fidelities": [0.9561646713893927, 0.9561646713893927, 0.0241733085889732, 0.0241733085889732, 0.019177191230775437, 0.019177191230775437, 0.0004848287908584829, 0.0004848287908584829, 0.9561646713893927, 0.9561646713893927, 0.0241733085889732, 0.0241733085889732, 0.019177191230775437, 0.019177191230775437, 0.0004848287908584829, 0.0004848287908584829]}, {"db": 5.0, "clifford_index": 96, "fidelities": [0.9561646713893929, 0.019177191230775423, 0.9561646713893929, 0.019177191230775423, 0.9561646713893929, 0.019177191230775423, 0.9561646713893929, 0.019177191230775423, 0.02417330858897316, 0.0004848287908584335, 0.02417330858897316, 0.0004848287908584335, 0.02417330858897316, 0.0004848287908584335, 0.02417330858897316, 0.0004848287908584335]}, {"db": 5.0, "clifford_index": 97, "fidelities": [0.9512917489793792, 0.9512917489793792, 0.0240501136407891, 0.0240501136407891, 0.9512917489793792, 0.9512917489793792, 0.0240501136407891, 0.0240501136407891, 0.0240501136407891, 0.0240501136407891, 0.0006080237390427145, 0.0006080237390427145, 0.0240501136407891, 0.0240501136407891, 0.0006080237390427145, 0.0006080237390427145]}, {"db": 5.0, "clifford_index": 98, "fidelities": [0.931164971126161, 0.931164971126161, 0.02354127784450237, 0.02354127784450237, 0.04417689149400705, 0.04417689149400705, 0.001116859535329267, 0.001116859535329267, 0.04417689149400705, 0.04417689149400705, 0.001116859535329267, 0.001116859535329267, 0.931164971126161, 0.931164971126161, 0.02354127784450237, 0.02354127784450237]}, {"db": 5.0, "clifford_index": 99, "fidelities": [0.9009021374391303, 0.03718936091008419, 0.05946119973005745, 0.0024473019207279503, 0.03718936091008419, 0.9009021374391303, 0.0024473019207279503, 0.05946119973005745, 0.05946119973005745, 0.0024473019207279503, 0.9009021374391303, 0.03718936091008419, 0.0024473019207279503, 0.05946119973005745, 0.03718936091008419, 0.9009021374391303]}, {"db": 5.0, "clifford_index": 100, "fidelities": [0.9561646713893927, 0.9561646713893927, 0.0241733085889732, 0.0241733085889732, 0.019177191230775437, 0.019177191230775437, 0.0004848287908584829, 0.0004848287908584829, 0.9561646713893927, 0.9561646713893927, 0.0241733085889732, 0.0241733085889732, 0.019177191230775437, 0.019177191230775437, 0.0004848287908584829, 0.0004848287908584829]}, {"db": 5.0, "clifford_index": 101, "fidelities": [0.9561646713893929, 0.019177191230775423, 0.9561646713893929, 0.019177191230775423, 0.9561646713893929, 0.019177191230775423, 0.9561646713893929, 0.019177191230775423, 0.02417330858897316, 0.0004848287908584335, 0.02417330858897316, 0.0004848287908584335, 0.02417330858897316, 0.0004848287908584335, 0.02417330858897316, 0.0004848287908584335]}, {"db": 5.0, "clifford_index": 102, "fidelities": [0.931164971126161, 0.04417689149400733, 0.04417689149400733, 0.931164971126161, 0.931164971126161, 0.04417689149400733, 0.04417689149400733, 0.931164971126161, 0.023541277844502315, 0.001116859535329267, 0.001116859535329267, 0.023541277844502315, 0.023541277844502315, 0.001116859